0 0.247917 0.538889 0.143750 0.125000
0 0.136458 0.529167 0.158333 0.116667
0 0.596875 0.591667 0.229167 0.158333
0 0.737500 0.684722 0.156250 0.105556
0 0.694792 0.850000 0.158333 0.113889
0 0.478125 0.827778 0.166667 0.102778
0 0.548958 0.262500 0.154167 0.122222
0 0.832292 0.256944 0.162500 0.077778
0 0.672917 0.505556 0.093750 0.052778
0 0.165625 0.768056 0.108333 0.055556
0 0.155208 0.833333 0.091667 0.058333
0 0.163021 0.977083 0.076042 0.045833
0 0.445833 0.705556 0.077083 0.058333
0 0.262500 0.383333 0.164583 0.119444
0 0.887500 0.372222 0.164583 0.102778
